htmljs-parser      : 0.905793 ms/file ± 1.68042
tl                 : 1.03607 ms/file ± 0.623226
html5parser        : 2.30271 ms/file ± 2.73410
htmlparser2        : 2.39381 ms/file ± 3.58932
neutron-html5parser: 2.72798 ms/file ± 1.52622
node-html-parser   : 2.86796 ms/file ± 1.79253
html-dom-parser    : 2.91664 ms/file ± 3.66579
htmlparser2-dom    : 3.09455 ms/file ± 4.00688
libxmljs           : 4.12237 ms/file ± 3.01135
zeed-dom           : 4.83583 ms/file ± 2.85388
parse5             : 6.89245 ms/file ± 7.61591
sax                : 10.1336 ms/file ± 10.6307
arijs-stream       : 18.3652 ms/file ± 16.8267
htmlparser         : 20.2895 ms/file ± 145.426
arijs-tree         : 20.5334 ms/file ± 18.5332
html-parser        : 27.2086 ms/file ± 20.7615
saxes              : 57.4556 ms/file ± 163.518
html5              : 109.113 ms/file ± 145.919