htmlparser2        : 1.01323 ms/file ± 1.16257
htmlparser2-dom    : 1.18936 ms/file ± 1.12197