htmljs-parser      : 1.09787 ms/file ± 2.55625
tl                 : 1.22016 ms/file ± 0.722484
htmlparser2        : 2.79462 ms/file ± 4.66258
html5parser        : 3.03089 ms/file ± 4.27860
neutron-html5parser: 3.24972 ms/file ± 2.24114
node-html-parser   : 3.50141 ms/file ± 2.58325
html-dom-parser    : 3.69345 ms/file ± 4.84459
htmlparser2-dom    : 3.82607 ms/file ± 5.05030
zeed-dom           : 6.33492 ms/file ± 4.18132
parse5             : 9.24619 ms/file ± 12.5599
sax                : 12.7137 ms/file ± 13.1730
htmlparser         : 18.8642 ms/file ± 113.819
arijs-stream       : 24.4302 ms/file ± 22.6473
arijs-tree         : 26.6179 ms/file ± 23.9979
html-parser        : 35.0234 ms/file ± 27.4930
saxes              : 70.1185 ms/file ± 196.870
html5              : 142.267 ms/file ± 183.915