tl                 : 1.02699 ms/file ± 0.679139
htmlparser2        : 1.98505 ms/file ± 2.94434
node-html-parser   : 2.24176 ms/file ± 1.52112
neutron-html5parser: 2.36648 ms/file ± 1.38879
html5parser        : 2.39891 ms/file ± 2.83056
htmlparser2-dom    : 2.57523 ms/file ± 3.35587
html-dom-parser    : 2.84910 ms/file ± 3.61615
libxmljs           : 3.81665 ms/file ± 2.79295
zeed-dom           : 5.05130 ms/file ± 3.57184
htmljs-parser      : 5.58557 ms/file ± 6.47597
parse5             : 9.07862 ms/file ± 6.50856
htmlparser         : 21.2274 ms/file ± 150.951
html-parser        : 30.9104 ms/file ± 24.3930
saxes              : 49.5906 ms/file ± 141.194
html5              : 114.771 ms/file ± 148.345