htmlparser2        : 2.49432 ms/file ± 3.93528
html5parser        : 2.90979 ms/file ± 3.53148
node-html-parser   : 3.06143 ms/file ± 1.94363
htmlparser2-dom    : 3.21391 ms/file ± 4.31013
neutron-html5parser: 3.24992 ms/file ± 1.90590
html-dom-parser    : 4.51139 ms/file ± 5.69740
libxmljs           : 5.15464 ms/file ± 3.78116
htmljs-parser      : 7.01859 ms/file ± 8.15005
parse5             : 11.2704 ms/file ± 8.15706
htmlparser         : 18.9283 ms/file ± 115.092
html-parser        : 33.4568 ms/file ± 25.6831
saxes              : 67.8742 ms/file ± 192.135
html5              : 148.604 ms/file ± 189.625